Number of Input Dimensions: Two
Number of Classes: Two (Labeled A and B)
Data Come From The Following Two Dimensional Uniform Distributions:
	MuA = [1,1]; 
	MuB = [2,2]; 
	RangeA = [0.5 1.5; 0.5 1.5];
	RangeB = [1.5 2.5; 1.5 2.5];

Class A Data (250 Points):

    0.9936    0.9790
    0.9126    0.7843
    1.4803    0.5669
    1.0470    1.2944
    1.1781    0.5435
    1.0092    1.2798
    1.3294    0.9473
    1.3167    1.0616
    0.7202    1.4822
    0.5915    1.2987
    0.9526    1.1509
    1.2662    1.3617
    0.7631    0.6830
    1.4433    0.5558
    0.9638    0.8232
    0.9894    0.6803
    1.2277    1.1255
    1.4131    0.9976
    1.0538    1.2179
    0.9468    0.5569
    1.2578    0.6191
    1.1915    1.0269
    1.1020    1.3785
    0.6223    1.0364
    0.8908    0.9745
    1.1762    0.5034
    1.3059    1.1963
    0.5956    1.1100
    0.7769    0.7561
    0.5352    0.9109
    0.9544    1.4221
    1.0326    1.2540
    0.7659    0.6021
    0.6027    0.5742
    1.0491    1.1306
    1.4358    0.6579
    0.6437    1.3819
    1.0398    0.9315
    0.7051    1.3992
    1.0758    1.4797
    0.7532    0.8625
    1.1498    1.1814
    0.5067    1.1112
    0.5110    0.5926
    1.2343    1.2178
    0.6005    1.2804
    1.2751    1.0469
    1.2458    0.5667
    0.6499    0.7324
    0.5151    1.2173
    0.5514    1.1541
    0.8836    0.7040
    0.9391    0.9212
    0.5359    0.6790
    1.3352    1.4950
    1.2822    1.0449
    1.3582    0.7573
    1.2128    1.3522
    1.0946    1.2502
    1.2504    1.2119
    0.7057    0.5227
    0.5948    1.4034
    0.7207    1.2395
    0.6600    0.9718
    1.1404    1.0056
    1.1407    0.8947
    0.7490    0.8813
    0.6265    0.6630
    1.3149    1.3025
    1.1143    1.4050
    1.0142    1.2848
    0.5065    0.7409
    0.5253    1.3223
    1.3345    0.5126
    0.6519    1.0697
    1.3989    0.9619
    1.3205    0.7109
    1.0513    1.0162
    1.4872    0.6472
    1.0630    1.3199
    1.4954    0.8899
    1.4477    0.5121
    0.6722    0.6770
    0.8731    1.2494
    0.8497    1.1682
    1.3195    0.7478
    1.2660    1.3984
    1.1392    0.7786
    1.2171    0.9418
    1.3773    0.6039
    1.3926    1.3750
    1.4113    1.3925
    1.1686    0.5169
    1.1592    1.0165
    0.5700    0.5418
    1.0964    0.5570
    1.2335    0.5590
    1.0188    0.9735
    1.3958    0.8840
    1.3959    1.0044
    0.9523    0.9364
    0.8971    1.3193
    1.1002    0.9448
    1.4662    1.4153
    1.3681    0.9911
    1.2344    1.2484
    0.8710    0.8421
    1.3349    1.0281
    1.0104    0.5260
    1.4147    0.7106
    0.6358    1.0196
    0.9223    1.3871
    1.4207    0.7422
    1.3845    0.5367
    1.2657    0.5185
    0.6007    0.6977
    0.8821    0.7106
    0.6352    1.4244
    1.3474    1.0652
    0.5562    1.3852
    0.8848    0.8396
    0.7723    0.7250
    1.2227    1.0690
    1.0155    1.2802
    1.0020    1.4219
    0.6652    1.2104
    1.1856    0.6444
    1.0893    1.4793
    1.0130    1.3176
    1.1395    0.7841
    1.0856    1.2380
    0.5793    0.7497
    1.4620    1.1538
    0.5449    1.1498
    1.0479    1.3832
    1.3551    1.0109
    0.7069    1.4972
    0.5062    0.5913
    0.9368    0.9329
    0.7031    1.2756
    0.5590    1.3888
    1.4106    0.8699
    1.4281    1.4544
    1.3460    1.0390
    0.9067    1.4245
    0.8224    0.9856
    1.1145    0.9054
    1.1005    0.8072
    1.4391    0.7858
    0.7759    1.3735
    1.3599    1.2432
    0.9575    1.2043
    1.1002    1.1899
    1.2919    0.6251
    1.1415    1.2447
    1.2012    0.8678
    1.1146    0.9518
    1.1882    0.8724
    1.2871    0.7006
    1.4516    1.0697
    1.4085    1.4998
    1.3931    1.0454
    1.1148    1.3581
    0.6377    0.6571
    1.3675    1.2204
    0.9303    1.2503
    1.2883    0.6917
    1.4440    1.1127
    1.2532    0.5167
    1.2271    1.3871
    1.1585    0.6290
    1.0609    1.1581
    0.9085    0.7744
    0.6394    0.6711
    0.9212    0.8546
    0.9089    1.0946
    0.9234    0.6387
    1.1267    0.8183
    0.7154    0.8487
    0.5310    1.4198
    0.6041    1.1727
    0.5612    1.0665
    1.2115    1.2684
    1.0334    0.6943
    1.1768    0.5041
    1.0537    0.5417
    0.9158    1.1249
    1.1440    0.5952
    1.0382    1.4556
    1.2523    0.8868
    0.5253    0.5843
    0.7291    1.3288
    1.2149    1.1369
    0.8745    0.8513
    1.0794    0.8640
    1.3958    0.6098
    1.2548    0.9003
    0.5156    1.4077
    1.0016    0.6003
    1.2195    1.1042
    0.7718    0.8698
    1.2278    0.7291
    1.2891    0.8527
    1.3610    1.3361
    0.5888    1.2293
    0.6958    0.6125
    1.4758    0.8518
    1.3162    0.9312
    1.1981    1.2652
    0.6457    1.2489
    1.2111    1.4525
    1.0265    1.4274
    1.4200    0.9693
    0.7185    0.8157
    1.0715    0.8907
    0.6630    0.6346
    0.8887    0.6496
    0.7340    1.4383
    1.2572    1.1403
    0.6174    0.9748
    0.8975    0.7616
    0.9372    1.4879
    1.4877    1.1631
    1.0022    0.9614
    1.4774    0.7884
    0.8520    0.8412
    0.7198    1.4212
    1.4760    1.1513
    1.2137    0.6243
    1.2509    1.0223
    1.4907    1.4197
    0.5225    1.3409
    0.6979    0.6814
    1.4472    0.5855
    1.4102    1.0059
    0.6627    1.2125
    0.9518    1.0899
    1.0714    0.8166
    0.9777    1.2647
    0.6086    1.0168
    1.0673    1.2270
    1.2785    0.9946
    1.0406    0.9125
    1.3279    0.7900
    0.5671    0.7294
    1.3031    1.3407
    1.1200    0.7268
    1.0298    0.9629
    0.5523    1.4210
    1.4104    1.1557

Class B Data (250 Points):

    2.0356    2.0231
    1.6929    2.3582
    1.9535    1.6672
    2.1226    2.0027
    2.1472    2.0805
    1.8710    1.9318
    2.0904    1.9173
    2.0065    1.8101
    2.3709    1.8707
    1.6827    2.0079
    2.2252    1.5576
    1.5085    2.4425
    2.1165    2.0271
    2.4964    2.3845
    2.4247    2.2336
    2.3853    1.5866
    2.2965    2.2107
    2.3196    2.0180
    1.9248    2.2230
    1.7983    2.3932
    1.6302    1.8964
    2.4583    2.3704
    1.9573    2.2570
    2.0775    2.4980
    2.3381    1.7818
    2.2136    2.1876
    1.8528    1.8734
    1.9612    1.6263
    2.4087    2.0776
    1.8509    1.9128
    2.0212    1.5589
    2.4203    2.2858
    2.3609    1.6320
    1.7946    1.5710
    1.9698    1.9616
    1.6266    1.9490
    2.3314    2.4223
    2.3035    2.1970
    1.9302    2.2868
    1.9114    1.7649
    1.6297    1.8102
    1.9666    2.3613
    2.0938    2.2795
    2.2751    1.6298
    1.7583    2.1268
    1.6625    1.9306
    2.2214    2.4180
    2.0662    2.4780
    2.0767    1.7893
    1.8300    2.2620
    2.2708    2.4877
    2.2386    1.5870
    2.3406    2.2917
    1.5258    1.8560
    1.9125    2.2086
    1.5702    1.6283
    1.5511    1.7279
    2.0635    1.8926
    1.6413    2.2631
    2.1018    2.4751
    1.6992    1.9397
    1.6209    1.8303
    1.9013    1.8012
    1.5673    1.6630
    2.4799    1.5474
    2.0786    2.3687
    1.5143    1.9165
    2.1843    2.3309
    2.3174    1.8578
    2.3690    1.9458
    1.8324    2.0707
    2.0951    1.6764
    2.3755    2.0750
    1.6990    2.2142
    1.8554    1.8918
    1.9652    2.3286
    1.8119    1.8286
    1.5856    2.1479
    1.8270    1.6897
    1.6833    1.8552
    2.2504    1.5276
    2.2498    2.1421
    1.7033    1.7724
    2.2711    2.2130
    1.8715    2.4785
    2.3191    2.1594
    1.8740    2.3153
    1.9528    2.2297
    1.8784    2.4323
    2.0556    1.9751
    1.7942    1.6035
    1.9704    1.6838
    2.1137    1.9516
    2.4855    1.6448
    1.9298    2.3133
    2.3799    2.2426
    1.8295    1.8310
    2.4536    2.4775
    2.0733    2.1796
    1.8979    2.2768
    1.6470    1.9369
    1.7781    2.2631
    2.2543    1.7520
    2.0051    2.0074
    2.1746    2.2023
    1.6903    1.5140
    1.5977    1.6880
    1.7451    2.0825
    2.3218    2.3232
    1.8975    1.7544
    1.7152    2.1670
    1.5826    2.1310
    1.6624    2.1321
    2.4760    1.6120
    1.9829    2.2913
    2.4526    1.5919
    1.6175    1.8377
    2.1658    2.3478
    2.3160    2.4491
    1.9144    1.7033
    1.6242    2.1529
    1.6604    2.2292
    1.8448    2.3905
    2.2409    1.8328
    1.8522    2.2381
    1.6116    2.2906
    1.6196    1.8875
    2.2150    2.2048
    2.2521    2.3461
    1.6104    2.0863
    2.4540    1.5469
    1.9314    2.3439
    2.1220    2.0868
    1.6075    2.0120
    1.5980    1.9784
    2.3108    2.2464
    2.2958    1.6650
    2.3624    1.5683
    1.5617    1.7955
    1.9250    1.6658
    2.2525    1.8029
    2.4766    2.2988
    1.6052    2.3598
    1.8585    1.6732
    2.2412    2.2653
    1.8504    2.4185
    2.0668    1.9902
    2.1726    2.3085
    2.3195    1.6977
    2.2098    1.6052
    1.8287    1.5282
    2.1202    2.0814
    2.0670    2.3204
    2.3872    2.2496
    2.2389    1.6229
    2.0858    2.1343
    2.3787    1.6114
    2.0634    2.4831
    1.7938    2.0771
    1.5141    1.6377
    2.3023    1.8934
    1.8818    2.2951
    1.7869    1.8812
    2.4913    1.8929
    2.0278    2.0878
    1.8530    1.7004
    1.9511    2.4631
    2.4384    1.7325
    1.6903    1.7180
    1.8674    2.3407
    1.5793    2.2270
    1.5453    2.3924
    1.9854    2.0099
    2.3439    1.9529
    1.7665    2.3717
    1.7178    1.7750
    1.7540    2.3965
    1.6593    1.6376
    1.8308    1.8815
    2.3046    1.9241
    2.0694    2.0479
    2.1906    2.2656
    2.2437    1.5505
    1.7138    1.8519
    2.3160    2.0843
    1.8193    2.4525
    1.9671    1.8491
    1.8410    2.1778
    2.1965    1.5231
    2.4788    2.3166
    1.8246    2.1991
    1.6698    2.4901
    1.6856    1.9822
    2.3185    2.0890
    2.3101    2.4300
    1.5137    1.6408
    1.8259    1.6441
    1.6743    2.2191
    1.8723    2.2790
    1.5118    1.6829
    1.5675    2.2854
    1.7770    1.5258
    1.9099    1.9074
    2.2199    2.4064
    2.2568    1.8304
    1.6592    2.4195
    2.1508    2.1896
    1.9110    2.4526
    2.2211    2.3585
    2.2308    2.3220
    1.7306    1.9774
    1.6848    1.8867
    2.3728    1.7434
    2.4781    2.0993
    2.4356    2.3406
    1.5974    2.1605
    1.7438    2.1538
    2.4712    2.2468
    2.0141    1.5948
    1.6541    1.5952
    2.0186    2.4097
    2.2931    2.2774
    1.6491    1.6498
    2.0034    1.6137
    2.1895    1.7218
    2.4231    2.2138
    2.0832    1.8423
    2.4875    1.7338
    2.0070    2.1545
    2.2966    1.7614
    2.1413    1.9496
    1.6449    2.1507
    2.4927    1.6822
    2.2770    1.9668
    2.4354    2.0328
    1.6556    2.1163
    2.2070    1.9092
    1.8231    1.9110
    2.1045    2.1786
    1.7358    2.4305
    2.0819    1.5443
    2.3581    2.4233
    2.0169    1.9151
    1.5291    1.5028
    2.0137    1.8366
    1.9879    1.7236
    2.2426    2.0791
    1.9802    2.2789
    1.5606    1.7928
    1.9909    1.7229
