6 5 0 6 0 0 9 0 0 0 1 0 0 0 True
2 7 1 4 2 2 0 8 0 5 0 2 0 0 2 0 False
2 7 1 2 2 2 0 8 0 5 0 2 0 0 2 0 False
1 9 1 4 2 2 0 8 0 5 0 2 0 1 2 0 False
1 2 5 4 4 0 0 0 0 0 1 1 1 0 0 False
1 3 8 2 2 0 0 0 0 0 1 1 1 0 0 False
1 0 1 1 1 3 0 0 0 0 0 1 1 0 2 0 False
1 4 2 0 2 2 0 7 0 1 0 1 0 0 1 0 False
1 2 1 8 3 3 0 7 0 1 0 1 0 0 1 0 False
1 4 2 0 1 1 0 7 0 1 0 1 0 0 1 0 False
2 7 9 0 0 0 1 1 0 5 0 0 0 0 0 0 False
2 6 9 0 0 0 1 1 0 5 0 0 0 0 0 0 False
2 3 7 0 1 0 1 1 0 5 0 0 0 0 0 0 False
2 1 1 0 0 0 0 4 0 5 0 0 0 0 0 0 False
1 8 9 0 0 0 4 0 5 0 0 0 0 0 0 False
1 6 7 0 0 0 4 0 5 0 0 0 0 0 0 False
8 5 1 5 0 0 0 0 9 1 1 1 1 0 True
8 6 3 4 0 0 0 0 9 1 1 1 1 0 True
7 1 1 0 6 0 7 0 0 8 0 1 0 2 0 False
1 0 2 2 0 0 0 4 6 4 6 0 0 0 0 0 False
8 1 8 0 0 0 4 6 4 6 0 0 0 0 0 False
6 1 7 0 0 0 4 6 4 6 0 0 0 0 0 False
0 1 4 0 0 0 0 0 0 0 0 0 0 0 0 False
0 1 2 0 0 0 0 0 0 0 0 0 0 0 0 False
0 1 2 0 1 0 0 0 0 0 0 0 0 0 0 False
1 1 3 1 0 0 0 0 0 0 0 0 0 0 0 False
0 1 1 1 1 0 0 0 0 0 0 0 0 1 0 False
0 9 0 3 0 0 0 0 0 0 0 0 1 0 True
0 1 1 4 6 0 4 0 4 0 0 0 1 0 0 False
3 9 5 6 0 4 0 4 0 0 1 1 0 0 True
0 6 6 7 0 4 0 0 0 0 0 0 0 0 True
9 1 3 0 0 0 7 0 0 0 0 0 0 0 0 False
8 1 2 0 0 0 7 0 0 0 0 0 0 0 0 False
8 1 2 0 1 0 7 0 0 0 0 0 0 0 0 False
0 3 1 2 2 0 0 0 0 0 0 0 3 3 0 False
0 2 9 2 2 0 0 0 0 0 0 0 3 3 0 False
0 2 2 3 3 0 0 0 0 0 0 0 0 0 0 False
0 2 4 2 0 0 0 0 0 0 0 0 0 0 0 False
0 2 2 2 0 0 0 0 0 0 0 0 0 0 0 False
0 2 1 2 0 0 0 0 0 0 0 0 0 0 0 False
8 1 0 6 6 0 0 0 0 0 1 1 1 1 0 False
1 2 1 4 4 4 0 0 0 0 0 1 1 1 1 0 False
8 1 2 4 4 0 0 0 0 0 1 1 1 1 0 False
1 6 1 3 1 1 0 4 0 5 0 1 0 0 1 0 False
1 6 1 2 1 1 0 4 0 5 0 1 0 0 1 0 False
1 4 9 1 1 0 4 0 5 0 1 0 0 1 0 False
8 1 0 7 5 9 0 0 0 0 1 1 1 1 0 False
9 1 4 4 4 0 0 0 0 9 1 1 1 1 0 False
6 1 0 4 4 0 0 0 8 8 1 1 1 1 0 False
1 6 1 7 2 1 0 4 0 5 0 2 0 0 1 0 False
1 3 1 2 6 1 0 4 0 5 0 1 0 0 1 0 False
1 1 9 7 1 0 4 0 5 0 1 0 0 1 0 False
1 0 1 8 2 0 0 0 0 0 2 1 1 1 0 False
9 0 6 3 0 0 0 0 0 3 1 1 1 0 True
1 2 1 3 0 0 0 0 0 0 0 0 2 1 0 False
8 1 3 0 0 0 0 0 2 2 0 0 0 0 0 False
6 1 2 0 0 0 0 0 2 2 0 0 0 0 0 False
8 1 2 0 0 0 0 0 2 2 0 0 0 0 0 False
4 2 2 2 2 0 0 0 0 0 0 0 1 1 0 False
3 1 6 3 3 0 0 0 0 0 0 0 1 1 0 False
0 2 0 0 5 0 0 0 0 0 0 0 0 0 0 False
0 4 4 4 0 0 0 0 0 0 0 3 3 0 True
0 4 4 4 0 0 0 0 0 0 0 2 2 0 True
0 1 1 0 1 0 0 0 0 0 0 0 0 0 1 0 False
0 1 6 0 0 0 0 0 0 0 0 0 6 6 0 False
0 1 2 0 0 0 0 0 0 0 0 0 5 5 0 False
0 1 5 1 7 0 0 0 0 0 0 0 0 1 0 False
0 0 1 0 1 0 5 0 0 0 0 0 0 1 1 0 False
0 0 1 0 1 0 5 0 0 0 0 0 0 0 0 0 False
0 0 1 2 1 3 5 0 0 0 0 0 0 0 0 0 False
0 6 6 6 0 0 0 0 0 0 0 0 0 0 True
0 6 6 6 0 0 0 0 0 0 0 0 0 0 True
2 1 5 1 5 0 0 0 0 0 0 0 0 1 0 False
2 0 0 0 1 0 0 0 0 0 0 0 0 0 0 0 False
1 6 0 0 1 2 0 0 0 0 0 0 1 0 0 0 False
1 8 0 0 1 2 0 0 0 0 0 0 0 0 0 0 False
